100 3 1 15.0 2000
0 1.001007 450.868252 4.832606
1 646.992401 468.007447 11.996826
2 280.233161 716.769921 20.571001
3 597.283853 139.286477 21.473586
4 568.401135 410.827967 7.599872
5 11.987671 73.122349 9.111301
6 117.850276 132.718894 24.713126
7 356.553850 95.266579 0.116733
8 7.129124 302.304147 13.291574
9 456.947539 481.411176 15.179144
10 132.987457 530.436110 11.269723
11 281.698050 45.631275 15.192114
12 626.654866 642.085025 12.997070
13 241.560106 700.778222 18.166906
14 764.720603 740.574358 13.483840
15 113.870663 369.664602 5.883206
16 689.791559 167.680898 19.491409
17 674.922941 797.436445 24.992370
18 489.199499 313.950011 6.655324
19 237.824641 672.115238 0.593585
20 300.692770 74.098941 16.930143
21 44.972076 7.031465 22.969756
22 220.709861 218.317209 14.697714
23 552.946562 670.088809 18.162328
24 387.951292 164.287240 18.593402
25 374.767296 366.368603 23.728904
26 595.550401 86.623737 14.976196
27 308.188116 588.006226 15.224158
28 457.924131 289.071322 3.788873
29 180.083621 340.122684 20.072024
30 413.684500 791.991943 18.788720
31 276.448866 135.184790 16.432691
32 393.517869 50.831629 17.493973
33 403.845332 117.996765 23.739586
34 113.260292 724.094363 17.322306
35 242.439039 341.245766 1.759392
36 773.290201 546.549883 3.830836
37 701.803644 657.344279 14.551225
38 153.080844 142.313913 20.429853
39 380.211798 124.442274 12.598041
40 585.613575 324.472793 6.989502
41 454.994354 545.793023 18.896298
42 577.532273 380.236213 3.075503
43 294.247261 667.744987 0.877407
44 413.611255 530.387280 10.655538
45 83.742790 759.471419 23.034608
46 439.637440 276.790674 11.793115
47 299.984741 677.584155 7.921842
48 364.879299 217.511521 24.574267
49 238.239692 591.351054 14.181951
50 156.791894 609.051790 20.986053
51 318.124943 400.720237 22.254097
52 21.973327 795.702994 14.314707
53 40.406507 425.061800 4.851680
54 674.434645 501.406903 16.440321
55 158.281198 673.726615 3.083132
56 87.942137 594.500565 7.851650
57 752.855007 228.864406 8.407849
58 112.210456 586.468093 20.865505
59 566.399121 480.190435 18.680380
60 202.179022 115.579699 0.040437
61 48.805200 644.990387 21.315653
62 168.462172 92.483291 13.830226
63 11.401715 91.018403 11.362804
64 601.776177 548.918119 13.586077
65 59.108249 349.375896 5.048524
66 556.975005 232.282479 10.917234
67 185.943175 462.294382 13.314463
68 502.945036 128.153325 12.603381
69 770.433668 556.608783 23.120060
70 151.957762 268.758202 4.458754
71 796.142460 365.953551 24.950407
72 78.005310 500.137333 2.359844
73 350.181585 745.213172 1.210822
74 715.695669 232.013916 5.682546
75 615.253151 328.574480 5.049287
76 502.456740 483.315531 11.290323
77 373.082675 478.261666 15.868099
78 683.834346 663.032929 15.619373
79 576.726585 452.601703 9.378338
80 147.416608 590.325632 13.878292
81 724.069948 194.293039 4.723502
82 483.779412 558.806116 14.615314
83 281.038850 395.568712 2.009644
84 592.596210 489.638966 15.509507
85 552.897732 643.623157 3.727836
86 460.829493 694.186224 22.788934
87 491.763054 582.146672 1.080355
88 534.220405 781.225013 7.875301
89 455.360576 244.660787 4.348125
90 86.843471 695.236061 21.280557
91 595.452742 123.905148 8.172857
92 63.478500 61.281167 16.024506
93 656.001465 436.072878 11.206397
94 327.182836 238.996551 11.638997
95 400.964385 122.122868 8.075961
96 590.398877 251.106296 20.667135
97 767.259743 698.678549 18.125706
98 240.046388 755.198828 3.180792
99 52.589496 627.973266 13.114566
