2 4.234652 454.459578
1 655.019844 476.922826
2 293.997847 732.057154
0 611.652487 155.244461
1 573.486442 416.475773
0 18.084321 79.893365
0 134.386585 151.084326
0 356.631960 95.353329
0 16.022923 312.181711
1 467.104369 492.691478
2 140.528374 538.811146
0 291.863558 56.921216
1 635.351603 651.743730
2 253.716139 714.278864
1 773.743053 750.594804
0 117.807296 374.036676
1 702.833857 182.165838
1 691.646101 816.009395
1 493.652780 318.895881
2 238.221827 672.556358
0 312.021247 86.680489
0 60.341843 24.101320
0 230.544551 229.239739
1 565.099532 683.586049
0 400.392706 178.104830
0 390.645032 384.002615
0 605.571432 97.753220
2 318.375066 599.319980
0 460.459382 291.887003
0 193.514427 355.039105
2 426.256608 805.954683
0 287.444482 147.396659
0 405.223622 63.832185
0 419.730216 135.638715
2 124.851177 736.967345
0 243.616302 342.553249
1 775.853531 549.396749
1 711.540314 668.157947
0 166.751084 157.496253
0 388.641533 133.804443
1 590.290465 329.667005
1 467.638445 559.835709
1 579.590186 382.521757
2 294.834361 668.397027
1 420.741202 538.305888
2 99.155951 776.589469
0 447.528574 285.554666
2 305.285488 683.471231
0 381.322693 235.773760
2 247.729269 601.890298
2 170.834304 624.647467
0 333.015840 417.258254
2 31.551736 806.340894
2 43.652915 428.667301
1 685.435367 513.624442
2 160.344216 676.017829
2 93.195916 600.335478
1 758.480956 235.112655
2 126.172204 601.974185
1 578.898735 494.072663
0 202.206080 115.609750
2 63.068156 660.831004
0 177.716400 102.761152
0 19.004915 99.462612
1 610.867037 559.014542
0 62.486371 353.127680
1 564.280060 240.395565
2 194.852290 472.188956
0 511.378344 137.519462
1 785.904008 573.790336
0 154.941251 272.071702
1 812.837541 384.495317
2 79.584354 501.891039
2 350.991783 746.112988
1 719.498034 236.236871
1 618.631783 332.326832
1 510.011441 491.705876
1 383.700506 490.053962
1 694.285747 674.640385
1 583.001918 459.571166
2 156.702998 600.639213
1 727.230588 197.803285
1 493.558966 569.667411
0 282.383564 397.062169
1 602.974096 501.164776
1 555.392141 646.393479
1 476.078266 711.121702
1 492.485953 582.949532
1 539.490010 787.077502
0 458.270040 247.892074
2 101.082943 711.050597
0 600.921451 129.978764
0 74.200987 73.189696
1 663.500008 444.400854
0 334.970845 247.646011
0 406.368258 128.124477
1 604.227890 266.464970
1 779.388208 712.148574
2 242.174753 757.562617
2 61.364853 637.719288
