0 616.900950 148.020571
0 20.311259 76.828249
0 140.426840 142.770628
0 356.660491 95.314059
0 19.271581 307.710317
0 295.576737 51.810464
0 119.245239 372.057517
0 316.159225 80.985051
0 65.955992 16.374106
0 234.136891 224.295308
0 404.937210 171.849858
0 396.444728 376.020018
0 609.231837 92.715105
0 461.385439 290.612395
0 198.420327 348.286712
0 291.460876 141.868568
0 409.499409 57.947069
0 425.532523 127.652525
0 244.046324 341.961375
0 171.744443 150.623483
0 391.720681 129.566359
0 450.410987 281.587366
0 387.329009 227.506776
0 338.455072 409.771794
0 202.215963 115.596146
0 181.096712 98.108551
0 21.782153 95.640072
0 63.720305 351.429316
0 514.458797 133.279582
0 156.031036 270.571741
0 282.874751 396.386108
0 459.332786 246.429329
0 602.919018 127.229348
0 78.117615 67.798921
0 337.815589 243.730558
0 408.342142 125.407657
1 657.952047 472.886996
1 575.343964 413.919113
1 470.814377 487.585090
1 638.528280 647.371410
1 777.038704 746.058730
1 707.597847 175.608768
1 697.754607 807.601758
1 495.279440 316.656975
1 569.538674 677.476093
1 776.789844 548.108024
1 715.096850 663.262795
1 591.998803 327.315680
1 472.256981 553.478840
1 580.341885 381.487133
1 423.345573 534.721278
1 689.453626 508.093784
1 760.535959 232.284186
1 583.464497 487.788430
1 614.187676 554.444074
1 566.948395 236.722918
1 791.554894 566.012559
1 818.935791 376.101796
1 720.886933 234.325216
1 619.865904 330.628210
1 512.770963 487.907719
1 387.578905 484.715803
1 698.103353 669.385900
1 585.294123 456.416217
1 728.385082 196.214260
1 497.131166 564.750700
1 606.764850 495.947251
1 556.303280 645.139405
1 481.648220 703.455319
1 492.750007 582.586092
1 541.414850 784.428186
1 666.239018 440.630930
1 609.279244 259.512377
1 783.818399 706.050938
2 5.415812 452.833850
2 299.025706 725.136901
2 143.282861 535.019919
2 258.156400 708.167368
2 238.366908 672.356671
2 322.096076 594.198449
2 430.848850 799.634004
2 129.085006 731.139980
2 295.048812 668.101861
2 104.785952 768.840438
2 307.221704 680.806258
2 251.195549 597.119373
2 175.963607 617.587587
2 35.050463 801.525310
2 44.838737 427.035156
2 161.097779 674.980638
2 95.114976 597.694119
2 131.272043 594.954858
2 68.278018 653.660244
2 198.106542 467.709862
2 80.161135 501.097168
2 351.287726 745.705658
2 160.095059 595.970442
2 106.284227 703.891643
2 242.952186 756.492573
2 64.570248 633.307441
